st_idx = [3,9,11,13,15,16,17,19,20,21,23,24,25,27,28,29,30,31,32,39,40,41,42,45,46,51,52,53,54,58,59,60,64,65,66,70,71,73,75,79,80,84,85,89,91,92,93,94,96,97,100,107,110,111,115,116,117,118,119,120,122,123,124,127,129,130,131,137,139,140,144,146,151,154,155,156,157,159,160,164,165,166,167,169,170,171,173,174,177,178,179,180,183,184,189,191,195,199,200,204,208,211,213,218,219,220,223,224,229,231,236,239,240,241,246,247,251,252,253,256,259,260,263,265,266,267,268,271,273,279,280,282,283,285,286,291,293,295,297,299,300,301,307,308,311,317];
end_idx = [3,9,11,13,15,16,17,19,20,21,23,24,25,27,28,29,30,31,32,39,40,41,42,45,46,51,52,53,54,58,59,60,64,65,66,70,71,73,75,79,80,84,85,89,91,92,93,94,96,97,100,107,110,111,115,116,117,118,119,120,122,123,124,127,129,130,131,137,139,140,144,146,151,154,155,156,157,159,160,164,165,166,167,169,170,171,173,174,177,178,179,180,183,184,189,191,195,199,200,204,208,211,213,218,219,220,223,224,229,231,236,239,240,241,246,247,251,252,253,256,259,260,263,265,266,267,268,271,273,279,280,282,283,285,286,291,293,295,297,299,300,301,307,308,311,317];

st_idx = [1];
end_idx = [1];